*
*              NASA-glenn thermodynamics DATABASE
*
*   format:
*
*     Species name (A15); length scale (Angstroms) and energy (K) (2E19.10)
*
*  Data taken from
*  Bonnie,J.M, et.al, NASA/TP2002-211556, 2002.
*
*
H2                Ref-Elm. Gurvich,1978 v1 pt2 1978 p31.
 3 tpis78 H   2.00    0.00    0.00    0.00    0.00 0      2.01588          0.000
    200.000   1000.0007 -2.0 -1.0  0.0  1.0  2.0  3.0  4.0  0.0         8468.102
 4.078323210e+04-8.009186040e+02 8.214702010e+00-1.269714457e-02 1.753605076e-05
-1.202860270e-08 3.368093490e-12                 2.682484665e+03-3.043788844e+01
   1000.000   6000.0007 -2.0 -1.0  0.0  1.0  2.0  3.0  4.0  0.0         8468.102
 5.608128010e+05-8.371504740e+02 2.975364532e+00 1.252249124e-03-3.740716190e-07
 5.936625200e-11-3.606994100e-15                 5.339824410e+03-2.202774769e+00
   6000.000  20000.0007 -2.0 -1.0  0.0  1.0  2.0  3.0  4.0  0.0         8468.102
 4.966884120e+08-3.147547149e+05 7.984121880e+01-8.414789210e-03 4.753248350e-07
-1.371873492e-11 1.605461756e-16                 2.488433516e+06-6.695728110e+02
HE                Ref-Elm. Moore,1971; Moore,1970a.
 3 g 5/97 HE  1.00    0.00    0.00    0.00    0.00 0      4.00260          0.000
    200.000   1000.0007 -2.0 -1.0  0.0  1.0  2.0  3.0  4.0  0.0         6197.428
 0.000000000e+00 0.000000000e+00 2.500000000e+00 0.000000000e+00 0.000000000e+00
 0.000000000e+00 0.000000000e+00                -7.453750000e+02 9.287239740e-01
   1000.000   6000.0007 -2.0 -1.0  0.0  1.0  2.0  3.0  4.0  0.0         6197.428
 0.000000000e+00 0.000000000e+00 2.500000000e+00 0.000000000e+00 0.000000000e+00
 0.000000000e+00 0.000000000e+00                -7.453750000e+02 9.287239740e-01
   6000.000  20000.0007 -2.0 -1.0  0.0  1.0  2.0  3.0  4.0  0.0         6197.428
 3.396845420e+06-2.194037652e+03 3.080231878e+00-8.068957550e-05 6.252784910e-09
-2.574990067e-13 4.429960218e-18                 1.650518960e+04-4.048814390e+00
N2                TPIS 1978 v1 pt1 p280; pt2 p207.                        
 3 tpis78 N   2.00    0.00    0.00    0.00    0.00 0   28.0134000          0.000
    200.000  1000.000 7 -2.0 -1.0  0.0  1.0  2.0  3.0  4.0  0.0         8670.065
 2.210371725e+04-3.818462150e+02 6.082738550e+00-8.530914950e-03 1.384646271e-05
-9.625794250e-09 2.519705999e-12 0.000000000e+00 7.108462430e+02-1.076003850e+01
   1000.000  6000.000 7 -2.0 -1.0  0.0  1.0  2.0  3.0  4.0  0.0         8670.065
 5.877130630e+05-2.239250717e+03 6.066950780e+00-6.139692880e-04 1.491808520e-07
-1.923107797e-11 1.061955535e-15 0.000000000e+00 1.283211491e+04-1.586641172e+01
   6000.000 20000.000 7 -2.0 -1.0  0.0  1.0  2.0  3.0  4.0  0.0         8670.065
 8.310136860e+08-6.420732270e+05 2.020264339e+02-3.065091692e-02 2.486903103e-06
-9.705953340e-11 1.437538777e-15 0.000000000e+00 4.938706030e+06-1.672099482e+03
N                 Hf:Cox,1989. Moore,1975. Gordon,1999.                         
 3 g 5/97 N   1.00    0.00    0.00    0.00    0.00 0     14.00670     472680.000
    200.000  1000.000 7 -2.0 -1.0  0.0  1.0  2.0  3.0  4.0  0.0         6197.428
 0.000000000e+00 0.000000000e+00 2.500000000e+00 0.000000000e+00 0.000000000e+00
 0.000000000e+00 0.000000000e+00 0.000000000e+00 5.610463780e+04 4.193905036e+00
   1000.000  6000.000 7 -2.0 -1.0  0.0  1.0  2.0  3.0  4.0  0.0         6197.428
 8.876501380e+04-1.071231500e+02 2.362188287e+00 2.916720081e-04-1.729515100e-07
 4.012657880e-11-2.677227571e-15 0.000000000e+00 5.697351330e+04 4.865231506e+00
   6000.000 20000.000 7 -2.0 -1.0  0.0  1.0  2.0  3.0  4.0  0.0         6197.428
 5.475181050e+08-3.107574980e+05 6.916782740e+01-6.847988130e-03 3.827572400e-07
-1.098367709e-11 1.277986024e-16 0.000000000e+00 2.550585618e+06-5.848769753e+02
NO                Gurvich,1978,1989 pt1 p326 pt2 p203.                          
 3 tpis89 N   1.00O   1.00    0.00    0.00    0.00 0     30.00610      91271.310
    200.000  1000.000 7 -2.0 -1.0  0.0  1.0  2.0  3.0  4.0  0.0         9179.110
-1.143916503e+04 1.536467592e+02 3.431468730e+00-2.668592368e-03 8.481399120e-06
-7.685111050e-09 2.386797655e-12 0.000000000e+00 9.098214410e+03 6.728725490e+00
   1000.000  6000.000 7 -2.0 -1.0  0.0  1.0  2.0  3.0  4.0  0.0         9179.110
 2.239018716e+05-1.289651623e+03 5.433936030e+00-3.656034900e-04 9.880966450e-08
-1.416076856e-11 9.380184620e-16 0.000000000e+00 1.750317656e+04-8.501669090e+00
   6000.000 20000.000 7 -2.0 -1.0  0.0  1.0  2.0  3.0  4.0  0.0         9179.110
-9.575303540e+08 5.912434480e+05-1.384566826e+02 1.694339403e-02-1.007351096e-06
 2.912584076e-11-3.295109350e-16 0.000000000e+00-4.677501240e+06 1.242081216e+03
O2                Ref-elm. Gurvich,1989 pt1 p94 pt2 p9.
 3 tpis89 O   2.00    0.00    0.00    0.00    0.00 0   31.9988000          0.000
    200.000  1000.000 7 -2.0 -1.0  0.0  1.0  2.0  3.0  4.0  0.0         8680.104
-3.425563420e+04 4.847000970e+02 1.119010961e+00 4.293889240e-03-6.836300520e-07
-2.023372700e-09 1.039040018e-12 0.000000000e+00-3.391454870e+03 1.849699470e+01
   1000.000  6000.000 7 -2.0 -1.0  0.0  1.0  2.0  3.0  4.0  0.0         8680.104
-1.037939022e+06 2.344830282e+03 1.819732036e+00 1.267847582e-03-2.188067988e-07
 2.053719572e-11-8.193467050e-16 0.000000000e+00-1.689010929e+04 1.738716506e+01
   6000.000 20000.000 7 -2.0 -1.0  0.0  1.0  2.0  3.0  4.0  0.0         8680.104
 4.975294300e+08-2.866106874e+05 6.690352250e+01-6.169959020e-03 3.016396027e-07
-7.421416600e-12 7.278175770e-17 0.000000000e+00 2.293554027e+06-5.530621610e+02
O                 e0(O2):Brix,1954. Moore,1976. Gordon,1999.                    
 3 g 5/97 O   1.00    0.00    0.00    0.00    0.00 0     15.99940     249175.003
   200.000  1000.000 7 -2.0 -1.0  0.0  1.0  2.0  3.0  4.0  0.0         6725.403
-7.953611300e+03 1.607177787e+02 1.966226438e+00 1.013670310e-03-1.110415423e-06
 6.517507500e-10-1.584779251e-13 0.000000000e+00 2.840362437e+04 8.404241820e+00
   1000.000  6000.000 7 -2.0 -1.0  0.0  1.0  2.0  3.0  4.0  0.0         6725.403
 2.619020262e+05-7.298722030e+02 3.317177270e+00-4.281334360e-04 1.036104594e-07
-9.438304330e-12 2.725038297e-16 0.000000000e+00 3.392428060e+04-6.679585350e-01
   6000.000 20000.000 7 -2.0 -1.0  0.0  1.0  2.0  3.0  4.0  0.0         6725.403
 1.779004264e+08-1.082328257e+05 2.810778365e+01-2.975232262e-03 1.854997534e-07
-5.796231540e-12 7.191720164e-17 0.000000000e+00 8.890942630e+05-2.181728151e+02
CH4               Gurvich,1991 pt1 p44 pt2 p36.
2 g 8/99 C    1.00H   4.00    0.00    0.00    0.00 0   16.0424600     -74600.000
    200.000   1000.0007 -2.0 -1.0  0.0  1.0  2.0  3.0  4.0  0.0        10016.202
-1.766850998e+05 2.786181020e+03-1.202577850e+01 3.917619290e-02-3.619054430e-05
 2.026853043e-08-4.976705490e-12                -2.331314360e+04 8.904322750e+01
   1000.000   6000.0007 -2.0 -1.0  0.0  1.0  2.0  3.0  4.0  0.0        10016.202
 3.730042760e+06-1.383501485e+04 2.049107091e+01-1.961974759e-03 4.727313040e-07
-3.728814690e-11 1.623737207e-15                 7.532066910e+04-1.219124889e+02
H2O               Hf:Cox,1989. Woolley,1987. TRC(10/88) tuv25.
2 g 8/89 H    2.00O   1.00    0.00    0.00    0.00 0   18.0152800    -241826.000
    200.000   1000.0007 -2.0 -1.0  0.0  1.0  2.0  3.0  4.0  0.0         9904.092
-3.947960830e+04 5.755731020e+02 9.317826530e-01 7.222712860e-03-7.342557370e-06
 4.955043490e-09-1.336933246e-12                -3.303974310e+04 1.724205775e+01
   1000.000   6000.0007 -2.0 -1.0  0.0  1.0  2.0  3.0  4.0 0.0          9904.092
 1.034972096e+06-2.412698562e+03 4.646110780e+00 2.291998307e-03-6.836830480e-07
 9.426468930e-11-4.822380530e-15                -1.384286509e+04-7.978148510e+00
